fract1 1000 1000 -0.52 0.57
fract2 1000 1000 -0.52 0.57
fract3 1000 1000 -0.52 0.57
fract4 1000 1000 -0.52 0.57
fract5 1000 1000 -0.52 0.57
fract6 1000 1000 -0.52 0.57
fract7 1000 1000 -0.52 0.57
fract8 1000 1000 -0.52 0.57
fract9 1000 1000 -0.52 0.57
fract10 1000 1000 -0.52 0.57
fract11 1000 1000 -0.52 0.57
fract12 1000 1000 -0.52 0.57
fract13 1000 1000 -0.52 0.57
fract14 1000 1000 -0.52 0.57
fract15 1000 1000 -0.52 0.57
fract16 1000 1000 -0.52 0.57
fract17 1000 1000 -0.52 0.57
fract18 1000 1000 -0.52 0.57
fract19 1000 1000 -0.52 0.57
fract20 1000 1000 -0.8 0.4